version https://git-lfs.github.com/spec/v1
oid sha256:3aa97eae6e807e07f44feda80fffa972e14c4e385e248cb1a4228d1d4474ce89
size 2015029
