version https://git-lfs.github.com/spec/v1
oid sha256:2b49500d7942210269f56808479dc15366c98875a99c1485896c325afff73eae
size 2227412
